---- EX -------

BURIED
0.338649 
0.201335 0.981635 
0.283859 0.247537 6.505182 
2.640244 0.904730 1.353325 0.312005 
0.543136 4.570308 2.439639 0.682052 0.216787 
0.748479 0.917979 0.804756 10.030310 0.024055 8.670112 
2.700465 0.539246 0.810739 0.810727 0.701320 0.330139 0.636675 
0.237686 3.175221 6.308043 1.540002 0.469875 8.675492 0.750683 0.183743 
0.044209 0.099241 0.162644 0.020816 0.166986 0.082745 0.030581 0.005017 0.075820 
0.124047 0.314159 0.088243 0.017526 0.449241 0.641784 0.073392 0.017752 0.277023 2.383760 
0.433721 17.781822 2.851914 0.459939 0.117548 6.815411 3.482941 0.484653 1.247888 0.161658 0.219757 
0.497479 0.448773 0.380964 0.057176 0.815999 2.089412 0.291379 0.054491 0.307450 2.817174 4.759683 1.082403 
0.093991 0.055530 0.098936 0.026160 0.662517 0.091948 0.022760 0.034431 0.675645 0.521416 1.672365 0.077917 1.296869 
0.986621 0.356417 0.214521 0.246129 0.164228 0.654039 0.295079 0.179095 0.428213 0.037671 0.170780 0.347219 0.074086 0.057233 
5.925588 0.979993 4.725421 1.158990 5.111992 1.120931 0.737456 2.279470 0.886126 0.051057 0.089611 0.925355 0.275366 0.274582 1.151114 
1.958501 0.630713 2.007592 0.289641 2.284140 0.787821 0.539892 0.097432 0.467489 0.644041 0.202812 1.401676 1.340732 0.103118 0.601281 8.190534 
0.068357 0.784449 0.109073 0.085810 0.457880 0.297731 0.155877 0.157418 0.708743 0.054134 0.374568 0.115777 0.477495 2.362999 0.047127 0.209085 0.097054 
0.084768 0.312038 0.615093 0.202611 0.788164 0.293543 0.137306 0.035497 4.938330 0.101803 0.180086 0.280737 0.264540 8.142914 0.059308 0.264401 0.133054 2.905674 
1.387752 0.140091 0.112176 0.058637 1.575057 0.203946 0.239406 0.044011 0.085226 6.427279 1.035942 0.244336 1.033583 0.278010 0.213475 0.079878 1.592560 0.081135 0.108383 

0.123119 0.019475 0.019852 0.018583 0.018711 0.017275 0.018723 0.050388 0.016402 0.119697 0.161399 0.012776 0.035838 0.057019 0.030913 0.043472 0.049935 0.012600 0.039929 0.133894 

EXPOSED
0.526738 
0.483150 0.505837 
0.658902 0.051052 3.902456 
2.051872 2.214326 0.961103 0.129989 
1.280002 2.039552 1.301786 0.399061 0.456521 
1.306565 0.137928 0.285806 3.100403 0.033946 2.514377 
1.370782 0.363365 1.820100 0.885317 0.886564 0.320746 0.303966 
0.540809 2.288922 4.949307 0.700890 2.172284 3.755421 0.270957 0.401311 
0.171986 0.237023 0.337226 0.018315 1.037046 0.212032 0.084442 0.012279 0.317239 
0.430511 0.670514 0.158937 0.021949 1.702066 1.261113 0.110508 0.052946 0.869247 8.675343 
0.697731 3.881079 1.677194 0.105450 0.146263 2.570254 0.730337 0.279865 0.598289 0.338782 0.313102 
1.043937 0.656943 0.539827 0.066925 1.846562 1.973592 0.188160 0.158136 0.519993 9.483497 14.176858 1.013268 
0.265209 0.097443 0.182522 0.026918 3.002586 0.080193 0.023999 0.084663 2.047163 2.193062 4.802817 0.044792 3.261401 
1.270693 0.166534 0.068692 0.228829 0.156216 0.362501 0.214847 0.148900 0.323141 0.071992 0.343919 0.195470 0.099252 0.087020 
4.826665 0.751947 4.412265 0.975564 5.294149 1.033459 0.382235 1.970857 0.993310 0.190509 0.389101 0.592156 0.557254 0.668834 1.223981 
2.131819 0.584329 2.133604 0.368887 2.067387 1.013613 0.511390 0.174527 0.580960 2.563630 0.522334 1.147459 2.960091 0.244420 0.413148 7.384701 
0.143081 0.475590 0.061094 0.042618 1.603125 0.210329 0.048276 0.186382 0.961546 0.208313 1.130724 0.052858 1.328785 5.210001 0.045945 0.316078 0.144393 
0.208643 0.196271 0.599369 0.121313 3.842632 0.158470 0.064648 0.039280 8.230282 0.517123 0.713426 0.084962 0.812142 23.228875 0.043249 0.405310 0.234217 4.903887 
2.544463 0.313443 0.172264 0.073705 4.207648 0.497398 0.484620 0.132496 0.329895 23.711178 3.466991 0.348362 4.136445 1.199764 0.368231 0.266531 3.184874 0.252132 0.459187 

0.088367 0.078147 0.047163 0.087976 0.004517 0.058526 0.128039 0.056993 0.024856 0.025277 0.045202 0.094639 0.012338 0.016158 0.060124 0.055346 0.051290 0.006771 0.021554 0.036718 

---- EHO ------

EXTENDED
0.221750 
0.256487 0.595368 
0.447755 0.112310 7.769815 
4.893140 0.929131 1.061884 0.164472 
0.542660 2.886791 1.927072 0.497273 0.133291 
0.549459 0.290798 0.518264 5.393249 0.003776 4.326528 
5.411319 0.302948 0.907713 0.961651 1.249183 0.173873 0.316780 
0.283752 2.760038 5.159285 0.978418 0.737799 5.086066 0.421812 0.209276 
0.026683 0.053027 0.166715 0.016491 0.151942 0.055934 0.026726 0.001780 0.098605 
0.226816 0.251641 0.062256 0.015837 0.763554 0.537705 0.042909 0.032938 0.321607 3.217159 
0.235513 6.017300 2.543177 0.223507 0.023575 3.432847 1.211039 0.160545 0.671045 0.082221 0.106179 
0.992834 0.351969 0.415447 0.041511 1.271632 1.700679 0.111984 0.117596 0.326393 3.329162 7.496635 0.519821 
0.191967 0.041219 0.090517 0.014810 1.004694 0.042779 0.011177 0.040989 0.641267 0.813011 2.233318 0.023173 1.863238 
1.876507 0.395175 0.362650 0.550534 0.174031 0.731229 0.412907 0.205341 0.381717 0.011597 0.315127 0.393303 0.135360 0.043846 
6.066032 1.083228 5.612711 1.035540 4.263932 1.429211 0.766802 2.266299 1.074108 0.047896 0.147065 0.683291 0.352118 0.382422 1.462674 
1.827471 0.645132 1.883173 0.287521 1.395928 1.013709 0.781080 0.055140 0.512000 0.588357 0.142327 1.256445 1.435179 0.079647 0.417388 6.092548 
0.101419 0.452274 0.065206 0.034173 0.592031 0.164037 0.049674 0.183473 0.741383 0.069289 0.429275 0.050856 0.545447 2.178510 0.022770 0.304839 0.111242 
0.091914 0.112094 0.451176 0.108762 1.183567 0.132194 0.042952 0.030418 4.373360 0.122828 0.186938 0.096667 0.344096 8.276255 0.053251 0.325231 0.135310 2.597897 
1.970427 0.119016 0.091863 0.041044 1.750822 0.222903 0.225961 0.053387 0.123318 6.815243 1.427658 0.124284 1.427074 0.341263 0.127045 0.076658 1.052442 0.073165 0.101733 

0.062087 0.053435 0.023743 0.032063 0.013132 0.034151 0.061042 0.030664 0.022696 0.104732 0.099541 0.054991 0.022312 0.045996 0.025392 0.045673 0.072789 0.012691 0.043790 0.139079 

HELIX
0.346476 
0.374362 0.664870 
0.557349 0.079157 3.710526 
3.192474 1.027228 0.891196 0.006722 
0.776545 1.902860 1.561002 0.517360 0.112028 
0.841893 0.158406 0.443065 3.792847 0.000006 2.320685 
4.037113 0.661209 1.866962 1.144918 1.465540 0.511489 0.573208 
0.394225 2.123760 5.845902 0.737868 1.084909 3.960964 0.270146 0.380762 
0.111350 0.099645 0.233216 0.005627 0.839533 0.089484 0.019520 0.021251 0.132153 
0.193017 0.307622 0.115495 0.009651 1.136538 0.584189 0.039838 0.048105 0.485901 4.915707 
0.481682 3.827872 1.926308 0.163314 0.021755 2.487895 0.768919 0.327002 0.534206 0.147053 0.136159 
0.610432 0.344033 0.452639 0.035659 1.624032 1.146169 0.103241 0.171164 0.364836 6.260678 7.738615 0.549401 
0.147278 0.035167 0.106276 0.018468 1.864906 0.047207 0.010268 0.086543 1.244539 0.927331 3.243633 0.016265 2.326533 
1.090575 0.181605 0.093658 0.386490 0.097655 0.462559 0.290152 0.568098 0.458437 0.043237 0.207460 0.198291 0.061027 0.067592 
6.243684 0.836138 5.633664 0.952131 6.398291 1.267404 0.430602 5.463144 1.088326 0.102127 0.193860 0.707365 0.438507 0.470620 1.534272 
2.847158 0.566364 2.984732 0.347047 3.711971 1.083181 0.495700 0.500029 0.642773 1.698955 0.402699 1.111399 2.483456 0.231119 0.685164 8.832473 
0.090983 0.369015 0.085583 0.046821 0.950521 0.183299 0.040785 0.391093 0.950288 0.075780 0.624335 0.041505 0.980672 3.915972 0.053806 0.299723 0.100663 
0.152848 0.170981 0.594708 0.106099 2.051641 0.121416 0.047614 0.064377 8.167042 0.195540 0.352598 0.069186 0.465779 15.178886 0.058255 0.405459 0.201603 4.035822 
2.140511 0.136453 0.145376 0.046174 4.011687 0.191618 0.192292 0.202844 0.174981 14.460840 2.175028 0.136317 2.393838 0.659302 0.418505 0.180248 3.585329 0.175143 0.281722 

0.121953 0.076798 0.032215 0.066765 0.006842 0.061304 0.131841 0.026596 0.020392 0.047287 0.087919 0.084679 0.020970 0.024145 0.025871 0.042103 0.038715 0.008346 0.023841 0.051421 

OTHER
0.529263 
0.379476 0.612335 
0.516691 0.067732 4.012914 
3.774890 1.615176 0.888663 0.165810 
1.312262 2.913667 1.533683 0.442262 0.337571 
1.403437 0.154460 0.333334 3.815893 0.015567 3.743866 
1.272402 0.389317 1.243222 0.661976 0.554904 0.332656 0.319770 
0.558733 2.816641 4.803000 0.761339 1.223662 4.889028 0.323617 0.300981 
0.124057 0.155080 0.219635 0.019097 0.560959 0.100743 0.038076 0.005599 0.184752 
0.340362 0.580087 0.119838 0.015948 1.192857 1.156516 0.083154 0.031031 0.646292 7.873544 
0.706732 5.734632 1.847806 0.128114 0.050896 3.616626 1.131071 0.283950 0.643558 0.179831 0.224320 
1.056749 0.665355 0.399943 0.053900 1.893946 2.299714 0.168079 0.085094 0.556024 8.136055 14.213193 0.931689 
0.233961 0.079465 0.130295 0.016768 1.902244 0.077611 0.012655 0.048906 1.403178 1.581816 4.275863 0.036062 2.888633 
1.518830 0.252482 0.049484 0.171011 0.108909 0.501196 0.346600 0.058913 0.299924 0.073007 0.297573 0.249478 0.091619 0.068920 
5.595735 0.861017 3.749627 0.987083 4.952776 1.045071 0.463265 1.190738 0.897478 0.131753 0.265701 0.607097 0.399537 0.408758 0.993614 
2.157458 0.613623 1.733380 0.361861 2.145775 1.011592 0.523086 0.091023 0.450662 1.492403 0.408418 1.143233 2.378569 0.131777 0.381007 7.574340 
0.151895 0.544292 0.060182 0.043433 1.259614 0.228038 0.045082 0.134804 0.748147 0.134416 0.979277 0.038787 0.908253 4.850762 0.052415 0.249753 0.114232 
0.219509 0.243507 0.580103 0.130214 2.325021 0.196580 0.079660 0.037482 6.907609 0.299245 0.552917 0.067894 0.685250 19.404995 0.047839 0.323207 0.183044 4.704884 
3.049976 0.278740 0.134120 0.055382 4.149385 0.500946 0.435957 0.067170 0.214393 22.435652 2.883298 0.323886 3.369448 0.722571 0.315978 0.152899 2.423398 0.186495 0.303833 

0.076458 0.052393 0.055429 0.088634 0.007473 0.040671 0.080952 0.100192 0.025439 0.031730 0.053100 0.070835 0.014039 0.023159 0.087111 0.063636 0.055346 0.007033 0.023779 0.042590 

---- EX_EHO ---

BUR_EXT
0.228492 
0.165543 0.916344 
0.238509 0.258514 8.498064 
3.374029 1.037434 1.667702 0.332072 
0.344742 4.971495 2.471912 0.654950 0.130301 
0.417921 1.039226 0.875808 13.073209 0.040759 9.834742 
4.248714 0.411876 0.585570 0.748848 0.908311 0.221633 0.593504 
0.182762 3.872065 6.999812 1.719470 0.493863 8.695395 0.749303 0.137367 
0.011705 0.090751 0.149898 0.021996 0.077693 0.043664 0.013820 0.001527 0.073342 
0.133793 0.286232 0.065118 0.015540 0.456304 0.546974 0.052641 0.024196 0.226460 2.160734 
0.249141 17.756919 3.385483 0.343780 0.093875 6.677050 2.745017 0.295602 1.481997 0.100576 0.167406 
0.641194 0.342577 0.427146 0.059345 0.867233 2.306480 0.218260 0.058613 0.358032 2.187901 5.151337 0.750049 
0.118366 0.068606 0.102572 0.009357 0.633943 0.033356 0.012944 0.024474 0.497973 0.534407 1.581972 0.063281 1.329239 
1.561052 0.483968 0.385170 0.261437 0.310131 0.913924 0.355871 0.175520 0.512823 0.019789 0.295416 0.348527 0.104569 0.059641 
5.891807 1.320618 5.737159 1.074011 4.702782 1.389531 0.878480 2.178078 1.111068 0.033343 0.094349 1.035903 0.327901 0.292022 1.344678 
2.059884 0.976165 2.166428 0.369522 1.951862 0.815145 0.575774 0.060834 0.558388 0.422299 0.153549 1.793263 1.268126 0.085468 0.780914 9.031309 
0.081683 0.814216 0.057557 0.055146 0.450959 0.191881 0.109420 0.144367 0.651978 0.068649 0.345622 0.169527 0.387902 1.883741 0.023466 0.309129 0.111568 
0.052650 0.248907 0.570101 0.180267 0.701260 0.253975 0.061388 0.025465 4.206114 0.083799 0.147600 0.226848 0.254720 6.549427 0.027521 0.283138 0.141408 2.561108 
1.355342 0.137437 0.104597 0.051387 1.203830 0.218892 0.194527 0.031054 0.088935 4.577473 1.003647 0.153722 0.883283 0.242657 0.191295 0.068785 0.990922 0.056276 0.078264 

0.087158 0.015906 0.012970 0.012566 0.020325 0.013301 0.013777 0.039603 0.014597 0.161107 0.147775 0.011033 0.031334 0.064281 0.013322 0.035417 0.048583 0.012672 0.045210 0.199064 

BUR_HEL
0.317211 
0.209784 1.120865 
0.315205 0.301050 7.439896 
2.214446 0.884449 1.356293 0.110768 
0.465495 4.319791 2.843187 1.082540 0.215988 
0.668735 0.901135 0.986572 11.245156 0.009874 7.561773 
3.614157 0.568883 0.972660 1.036117 0.894733 0.409083 0.780808 
0.249929 3.138701 7.344935 1.747672 0.379845 9.559763 0.842239 0.146008 
0.059633 0.103290 0.206475 0.017492 0.286194 0.123433 0.037593 0.010910 0.071273 
0.096230 0.285199 0.113728 0.015874 0.439724 0.547078 0.063675 0.021607 0.303531 2.097349 
0.380075 15.783354 2.780107 0.569108 0.093004 6.179905 3.209588 0.413960 1.002075 0.185911 0.185249 
0.371379 0.411553 0.398602 0.076761 0.727245 1.665645 0.249045 0.068128 0.256194 2.940308 3.649539 0.972247 
0.075616 0.043519 0.096446 0.041118 0.636688 0.102460 0.039991 0.041269 0.839126 0.376556 1.551814 0.064774 1.173962 
1.100574 0.385197 0.319458 0.353000 0.112549 0.805706 0.369483 0.482895 0.520098 0.058167 0.144341 0.361488 0.074069 0.057968 
6.832958 0.955160 5.296628 1.265211 6.144756 1.315182 0.902504 3.903795 0.862633 0.072343 0.080478 0.979654 0.330305 0.328917 1.924898 
2.223205 0.445571 2.461831 0.299635 2.943208 0.830637 0.621903 0.184055 0.468356 0.911139 0.208091 1.343261 1.515339 0.158763 0.915879 9.298787 
0.062541 0.806724 0.110928 0.132125 0.414525 0.388313 0.191952 0.271274 0.909529 0.025790 0.343842 0.099137 0.543577 2.467147 0.044938 0.215329 0.087955 
0.082948 0.329591 0.693402 0.286594 0.866329 0.259566 0.167425 0.049038 6.332054 0.093136 0.177755 0.275998 0.261754 8.344684 0.088981 0.335859 0.137177 3.125017 
1.390479 0.142986 0.175068 0.106294 1.687293 0.159520 0.297915 0.080925 0.085103 6.414688 0.953785 0.240157 1.097345 0.264988 0.373870 0.144230 2.572837 0.089110 0.115941 

0.158060 0.021566 0.016487 0.014079 0.016937 0.020232 0.023096 0.032822 0.014618 0.114447 0.198900 0.014668 0.042840 0.053434 0.015640 0.037275 0.043095 0.012211 0.036330 0.113263 

BUR_OTH
0.406682 
0.246649 0.848592 
0.364260 0.198690 4.535840 
3.292044 0.837291 1.295138 0.420726 
0.735862 4.205085 2.062501 0.427451 0.259335 
0.954795 0.673046 0.671062 8.395674 0.048284 8.922739 
1.958847 0.573207 0.632317 0.572264 0.486274 0.345345 0.650009 
0.312042 2.699661 4.969855 1.181781 0.551188 7.620453 0.701108 0.195346 
0.071000 0.127041 0.184028 0.030240 0.180591 0.065984 0.039235 0.005033 0.098525 
0.142298 0.338853 0.086876 0.026095 0.484427 0.867777 0.087780 0.017129 0.309774 3.477136 
0.624622 18.390649 2.748646 0.442886 0.238266 6.993941 3.906971 0.652336 1.365814 0.219252 0.288480 
0.610604 0.581287 0.382156 0.048508 0.963147 2.672887 0.384585 0.051334 0.386066 3.752286 6.858529 1.524446 
0.124670 0.047666 0.102656 0.031532 0.699124 0.129867 0.004923 0.039185 0.701690 0.643782 2.019473 0.104308 1.568249 
1.126387 0.321347 0.107738 0.137858 0.150346 0.601413 0.310374 0.073794 0.332910 0.056230 0.208204 0.368816 0.078902 0.062410 
5.908551 0.834735 3.611589 0.969189 4.765870 0.881934 0.528944 1.439305 0.746876 0.060111 0.114374 0.784754 0.235963 0.219009 0.710100 
1.856381 0.574277 1.573584 0.223054 2.038789 0.763848 0.461329 0.076195 0.396095 0.701247 0.249302 1.091322 1.282643 0.070553 0.419070 6.616977 
0.069294 0.654056 0.127255 0.078896 0.517561 0.188732 0.125541 0.104279 0.547504 0.066927 0.454998 0.056498 0.425274 2.668838 0.050943 0.151483 0.062698 
0.128158 0.354167 0.640140 0.182565 0.793990 0.368725 0.157796 0.037084 4.307140 0.140691 0.241076 0.323966 0.293629 9.711414 0.060323 0.207489 0.111492 2.857446 
1.982761 0.158227 0.115545 0.051117 2.065903 0.338262 0.258245 0.045770 0.089942 10.113118 1.382024 0.431385 1.456614 0.295718 0.273919 0.066465 1.668063 0.113899 0.144981 

0.102123 0.021199 0.032404 0.032350 0.018985 0.017469 0.017625 0.089270 0.021090 0.083642 0.123866 0.012720 0.029789 0.055399 0.072705 0.061298 0.061705 0.013496 0.039682 0.093184 

EXP_EXT
0.464716 
0.597009 0.420578 
1.010693 0.048553 5.944290 
3.915828 2.088244 0.878468 0.236108 
1.156023 1.882317 1.435926 0.338823 0.482742 
1.131098 0.127150 0.346338 3.317186 0.061060 2.724696 
4.638659 0.351041 1.379174 1.216518 1.396050 0.199361 0.353970 
0.657615 2.215990 4.150252 0.717363 1.853969 3.768864 0.347165 0.313421 
0.078558 0.127092 0.347281 0.032361 0.605448 0.171553 0.104678 0.010608 0.309418 
0.516672 0.510585 0.105529 0.039188 1.808273 1.017577 0.112010 0.044661 0.772131 5.693102 
0.519389 3.571104 1.844049 0.109305 0.103105 2.232749 0.653339 0.195325 0.547017 0.219311 0.253086 
1.658261 0.640712 0.558751 0.063591 1.694880 2.088441 0.194697 0.291701 0.321392 6.220456 12.392618 0.862547 
0.426071 0.064894 0.132019 0.034872 2.076573 0.085745 0.026972 0.099963 1.388250 1.765294 3.859637 0.032198 3.134107 
3.082729 0.250470 0.232578 0.376163 0.290522 0.502379 0.240501 0.302007 0.283950 0.013574 0.606936 0.248475 0.226716 0.058246 
7.012884 0.866957 5.008997 0.814153 4.758346 1.192080 0.595351 2.514269 0.993487 0.135167 0.349525 0.542021 0.512591 0.744682 1.258172 
2.037755 0.446367 1.618299 0.203392 1.177421 0.840646 0.583757 0.071515 0.466886 1.503883 0.260405 0.934230 2.245607 0.123552 0.258896 4.504833 
0.171334 0.385971 0.087717 0.019596 1.015512 0.127027 0.037725 0.217844 0.822780 0.095756 0.777332 0.039952 0.977419 3.217291 0.015240 0.301259 0.102153 
0.194998 0.091803 0.433021 0.086495 3.074882 0.111578 0.041481 0.048438 4.904785 0.336528 0.411742 0.087476 0.640594 14.126821 0.061656 0.338111 0.129249 2.902137 
2.811391 0.216605 0.127240 0.061503 2.320268 0.390874 0.450783 0.132513 0.234279 12.181354 2.539512 0.233848 3.363159 0.717467 0.138035 0.159602 1.615372 0.132268 0.186175 

0.043140 0.090761 0.034408 0.052848 0.006370 0.053817 0.107749 0.024812 0.029498 0.049134 0.050167 0.098127 0.013722 0.025841 0.037395 0.056505 0.094326 0.012045 0.039238 0.080099 

EXP_HEL
0.434227 
0.551823 0.569806 
0.698268 0.056291 3.064314 
2.026002 2.379205 1.077282 0.016649 
0.986617 1.606282 1.331570 0.426399 0.409724 
1.005936 0.120122 0.390888 2.999742 0.021217 1.881156 
3.221202 0.736168 2.269617 1.272893 1.771711 0.622430 0.656603 
0.515574 2.032567 5.484997 0.666491 2.985549 3.380526 0.265244 0.557878 
0.200810 0.241566 0.441585 0.009830 1.541200 0.198621 0.069562 0.043838 0.339616 
0.328669 0.583849 0.178015 0.022077 2.045404 1.046125 0.089148 0.104708 0.875298 8.628242 
0.598864 3.090263 1.682415 0.113637 0.207957 2.085253 0.582536 0.376534 0.554395 0.371883 0.290692 
0.799278 0.528354 0.704087 0.062290 2.303849 1.507620 0.173293 0.356580 0.492228 10.028453 12.162732 0.867109 
0.256227 0.083117 0.192262 0.030759 4.328951 0.078062 0.022890 0.181917 2.406824 2.014776 4.856941 0.041675 3.521229 
1.118844 0.147481 0.061969 0.323498 0.171678 0.387521 0.237715 0.641036 0.433529 0.069102 0.359935 0.164055 0.063832 0.126592 
5.069051 0.749554 5.245486 0.840686 7.114530 1.177802 0.382956 6.139836 1.086779 0.194824 0.424579 0.655759 0.682174 0.753148 1.355810 
2.949741 0.623328 3.248881 0.406219 3.345739 1.214278 0.538553 0.867954 0.747654 3.316346 0.754081 1.193593 3.516479 0.366653 0.622665 7.975653 
0.115446 0.394156 0.090971 0.055309 1.947845 0.185912 0.046886 0.451084 1.173014 0.277029 1.078778 0.054622 1.516237 5.813526 0.071865 0.359167 0.106921 
0.205680 0.197878 0.678775 0.118188 4.183184 0.139485 0.059999 0.051336 10.200670 0.507328 0.721921 0.086974 0.741023 24.191458 0.046460 0.489820 0.247367 4.904042 
2.494211 0.280293 0.235248 0.083648 5.509932 0.429196 0.409105 0.447130 0.351675 23.404006 3.840750 0.300727 4.126659 1.483049 0.675560 0.336101 4.426709 0.309940 0.588217 

0.115826 0.094038 0.037357 0.085821 0.003363 0.073078 0.167709 0.025416 0.021634 0.024147 0.050238 0.106612 0.013318 0.013330 0.029895 0.044902 0.037901 0.006460 0.018548 0.030407 

EXP_OTH
0.603175 
0.478745 0.562615 
0.608325 0.056553 3.755571 
2.371839 2.480665 0.889513 0.170707 
1.551117 2.685995 1.462350 0.424139 0.669728 
1.624084 0.129505 0.314826 3.404205 0.049823 3.375473 
0.987777 0.356744 1.294077 0.640234 0.583980 0.331879 0.304731 
0.667236 2.788429 4.719171 0.731257 1.872668 4.612209 0.316233 0.320454 
0.186911 0.269245 0.318538 0.028464 0.987958 0.242926 0.090427 0.007312 0.327205 
0.527992 0.844027 0.167295 0.021423 1.623589 1.636879 0.135662 0.044560 0.939347 10.338048 
0.842575 5.076266 1.736167 0.106076 0.132985 3.365869 0.969736 0.270931 0.669196 0.356829 0.352830 
1.296147 0.863599 0.469732 0.075018 1.832599 2.642602 0.217378 0.107935 0.624941 10.670411 17.593544 1.247987 
0.325034 0.135328 0.192352 0.021631 2.731423 0.103263 0.027708 0.060740 2.148472 2.344767 5.497995 0.057563 3.278627 
1.670091 0.235642 0.042844 0.164518 0.112539 0.479958 0.326780 0.057540 0.291899 0.110067 0.380466 0.240061 0.109541 0.083760 
5.098150 0.831455 3.661924 0.978777 4.500240 1.064732 0.455496 1.095629 0.915898 0.226713 0.405000 0.608323 0.525496 0.593321 1.035726 
2.174502 0.630453 1.791747 0.396219 1.681712 1.083797 0.556968 0.100584 0.457070 2.361119 0.543612 1.211816 2.987220 0.198957 0.368383 7.505908 
0.203719 0.615713 0.044203 0.046952 1.745090 0.303876 0.050920 0.155176 0.920001 0.165182 1.385828 0.055323 1.274920 5.896599 0.059081 0.303111 0.156402 
0.271220 0.253084 0.643377 0.142691 3.763228 0.209729 0.093004 0.035856 8.167503 0.490579 0.894778 0.077103 1.029700 26.210400 0.045876 0.373529 0.218567 5.726440 
3.470639 0.410713 0.180011 0.081584 4.323431 0.751254 0.686467 0.086874 0.318032 29.800262 3.856040 0.482930 4.862267 1.182403 0.390522 0.268937 2.836818 0.229423 0.453335 

0.071716 0.058979 0.060316 0.101089 0.005039 0.044673 0.093349 0.105394 0.026228 0.020220 0.037831 0.081647 0.010677 0.015875 0.090566 0.065046 0.054453 0.005546 0.019924 0.031432 

